[[0.99      ]
 [0.22369319]
 [0.15803011]
 [0.0388599 ]
 [0.03781197]
 [0.02888364]
 [0.02703929]
 [0.02479672]
 [0.02016489]
 [0.02010201]
 [0.01913792]
 [0.01844629]
 [0.01710494]
 [0.0166229 ]
 [0.01618277]
 [0.01563785]
 [0.01551209]
 [0.01549114]
 [0.01513484]
 [0.01496717]
 [0.01494621]
 [0.01482046]
 [0.01396116]
 [0.01370966]
 [0.01305995]
 [0.01303899]
 [0.01297611]
 [0.01293419]
 [0.01285036]
 [0.01280844]
 [0.01276653]
 [0.01261982]
 [0.01253598]
 [0.01251502]
 [0.01249407]
 [0.01241023]
 [0.0123264 ]
 [0.01230544]
 [0.01215873]
 [0.01215873]
 [0.01215873]
 [0.01211681]
 [0.01209585]
 [0.01182339]
 [0.01163477]
 [0.01163477]
 [0.01159285]
 [0.01157189]
 [0.01155093]
 [0.01144614]
 [0.01142518]
 [0.01140422]
 [0.01134135]
 [0.01125751]
 [0.01123655]
 [0.01121559]
 [0.01121559]
 [0.01115272]
 [0.01106889]
 [0.01106889]
 [0.01104793]
 [0.01096409]
 [0.01096409]
 [0.01090122]
 [0.0108593 ]
 [0.01083834]
 [0.01083834]
 [0.01077547]
 [0.01071259]
 [0.01071259]
 [0.0106078 ]
 [0.01058684]
 [0.01039821]
 [0.01039821]
 [0.01037725]
 [0.0103563 ]
 [0.0102515 ]
 [0.01023054]
 [0.01016767]
 [0.01016767]
 [0.010503  ]
 [0.01199106]
 [0.01513484]
 [0.01039821]
 [0.01067067]
 [0.01096409]
 [0.01020959]
 [0.01907504]
 [0.05853996]
 [0.01081738]
 [       nan]
 [0.01012575]
 [0.01027246]
 [0.0106078 ]
 [0.01052396]
 [0.01008383]
 [       nan]
 [0.01052396]
 [0.31113219]
 [       nan]
 [0.01002096]
 [0.06394726]
 [0.01014671]
 [0.01010479]
 [0.51352873]
 [       nan]
 [       nan]
 [0.01152997]
 [       nan]
 [       nan]
 [       nan]
 [       nan]
 [0.0134372 ]
 [0.01134135]
 [       nan]
 [0.0114671 ]
 [0.01188627]
 [       nan]
 [0.01046109]
 [       nan]
 [       nan]
 [       nan]
 [0.01781753]
 [0.01096409]
 [0.01044013]
 [0.01027246]
 [0.01058684]
 [       nan]
 [       nan]
 [0.01      ]
 [0.01041917]
 [       nan]
 [0.01010479]
 [0.0106078 ]
 [0.01008383]
 [       nan]
 [       nan]
 [       nan]
 [0.01132039]
 [0.01014671]
 [       nan]
 [       nan]
 [       nan]
 [0.01169764]
 [0.01020959]
 [       nan]
 [0.01012575]
 [0.01081738]
 [0.01203298]
 [0.01020959]
 [       nan]
 [       nan]
 [0.01077547]
 [0.0102515 ]
 [0.01064971]
 [0.01027246]
 [0.01088026]
 [0.01006288]
 [0.01203298]
 [0.01062876]
 [0.99      ]
 [0.22369319]
 [0.03215317]
 [0.0282968 ]
 [0.02441947]
 [0.02169486]
 [0.01911696]
 [0.01901217]
 [0.0182367 ]
 [0.01811095]
 [0.01781753]
 [0.01771274]
 [0.01697919]
 [0.0168744 ]
 [0.01666481]
 [0.01616181]
 [0.01549114]
 [0.01542826]
 [0.01448513]
 [0.01352103]
 [0.01293419]
 [0.01293419]
 [0.01285036]
 [0.01278748]
 [0.01276653]
 [0.01264078]
 [0.01243119]
 [0.01238927]
 [0.01228448]
 [0.01224256]
 [0.01220065]
 [0.01190723]
 [0.01188627]
 [0.01184435]
 [0.01167668]
 [0.01167668]
 [0.01167668]
 [0.01159285]
 [0.01152997]
 [0.01144614]
 [0.01140422]
 [0.01134135]
 [0.01132039]
 [0.01123655]
 [0.01115272]
 [0.01113176]
 [0.01108984]
 [0.01104793]
 [0.01092218]
 [0.01090122]
 [0.0108593 ]
 [0.01075451]
 [0.01071259]
 [0.01062876]
 [0.01058684]
 [0.01058684]
 [0.010503  ]
 [0.010503  ]
 [0.01048205]
 [0.01044013]
 [0.01044013]
 [0.01041917]
 [0.0103563 ]
 [0.0103563 ]
 [0.01027246]
 [0.01018863]
 [0.01008383]
 [0.01      ]
 [0.02251224]
 [0.01079642]
 [       nan]
 [0.0103563 ]
 [0.01029342]
 [0.01800616]
 [0.01096409]
 [0.01132039]
 [0.01913792]
 [0.01046109]
 [0.01018863]
 [0.01370966]
 [0.01      ]
 [       nan]
 [0.01048205]
 [0.01039821]
 [0.01123655]
 [0.01027246]
 [0.01023054]
 [0.02779379]
 [       nan]
 [0.01039821]
 [0.01012575]
 [0.01199106]
 [0.02659916]
 [0.01037725]
 [0.01865587]
 [       nan]
 [0.01064971]
 [0.01014671]
 [0.01010479]
 [0.01523963]
 [       nan]
 [0.01031438]
 [       nan]
 [0.01333241]
 [0.01115272]
 [0.01096409]
 [       nan]
 [       nan]
 [0.01016767]
 [       nan]
 [0.01027246]
 [0.01062876]
 [       nan]
 [0.01058684]
 [0.0122216 ]
 [0.01067067]
 [0.01020959]
 [0.01008383]
 [0.01132039]
 [0.01002096]
 [       nan]
 [0.0106078 ]
 [0.01456896]
 [0.01100601]
 [       nan]
 [0.01002096]
 [0.0103563 ]
 [0.01563785]
 [       nan]
 [0.01056588]
 [0.01069163]
 [0.0217787 ]
 [       nan]
 [0.01020959]
 [0.99      ]
 [0.22369319]
 [0.15803011]
 [0.04583909]
 [0.03215317]
 [0.0282968 ]
 [0.02358113]
 [0.02284758]
 [0.0222817 ]
 [0.02033256]
 [0.01907504]
 [0.01901217]
 [0.01865587]
 [0.01771274]
 [0.01718878]
 [0.01697919]
 [0.01685344]
 [0.0165181 ]
 [0.01641331]
 [0.01549114]
 [0.01496717]
 [0.01456896]
 [0.0134372 ]
 [0.01310186]
 [0.01293419]
 [0.01293419]
 [0.01276653]
 [0.01264078]
 [0.01245215]
 [0.01238927]
 [0.01220065]
 [0.01213777]
 [0.01211681]
 [0.01201202]
 [0.01190723]
 [0.01188627]
 [0.01188627]
 [0.01188627]
 [0.01184435]
 [0.01180243]
 [0.01167668]
 [0.01167668]
 [0.01163477]
 [0.01152997]
 [0.01132039]
 [0.01132039]
 [0.01129943]
 [0.01127847]
 [0.01125751]
 [0.01123655]
 [0.01117368]
 [0.01115272]
 [0.0111108 ]
 [0.01108984]
 [0.01100601]
 [0.01096409]
 [0.01094313]
 [0.01092218]
 [0.01077547]
 [0.01075451]
 [0.01071259]
 [0.01069163]
 [0.0106078 ]
 [0.01058684]
 [0.01058684]
 [0.01056588]
 [0.010503  ]
 [0.01044013]
 [0.01044013]
 [0.01041917]
 [0.01039821]
 [0.0103563 ]
 [0.0103563 ]
 [0.01033534]
 [0.01033534]
 [0.01029342]
 [0.01027246]
 [0.01027246]
 [0.0102515 ]
 [0.01023054]
 [0.01023054]
 [0.01023054]
 [0.01020959]
 [0.01018863]
 [0.01016767]
 [0.01014671]
 [0.01010479]
 [0.01008383]
 [0.01004192]
 [0.01004192]
 [0.01002096]
 [0.01002096]
 [0.01002096]
 [0.01      ]
 [0.01031438]
 [0.01016767]
 [       nan]
 [       nan]
 [       nan]
 [0.01075451]
 [0.01010479]
 [       nan]
 [0.01002096]
 [       nan]
 [0.01029342]
 [       nan]
 [0.01266173]
 [       nan]
 [0.01054492]
 [       nan]
 [       nan]
 [0.29600013]
 [0.01027246]
 [       nan]
 [0.01073355]
 [0.01138326]
 [0.02691354]
 [0.01123655]
 [0.01199106]
 [0.01041917]
 [0.01010479]
 [       nan]
 [0.01482046]
 [0.01253598]
 [0.01148806]
 [0.01108984]
 [0.01046109]
 [       nan]
 [       nan]
 [0.01044013]
 [0.02441947]
 [0.01004192]
 [       nan]
 [       nan]
 [0.01138326]
 [       nan]
 [       nan]
 [       nan]
 [0.01096409]
 [0.03665925]
 [       nan]
 [       nan]
 [       nan]
 [       nan]
 [       nan]
 [0.0102515 ]
 [       nan]
 [       nan]
 [0.01052396]
 [0.01020959]
 [0.01010479]
 [       nan]
 [       nan]
 [       nan]
 [       nan]
 [       nan]
 [0.01006288]
 [0.01201202]
 [0.01014671]
 [       nan]
 [0.01018863]
 [       nan]
 [0.01041917]
 [0.01268269]
 [       nan]
 [       nan]
 [0.01083834]
 [0.01008383]
 [       nan]
 [0.01008383]
 [       nan]
 [0.01075451]
 [0.01088026]
 [0.01064971]
 [0.01002096]
 [       nan]
 [       nan]
 [       nan]
 [0.01018863]
 [       nan]
 [0.01088026]
 [       nan]
 [       nan]
 [       nan]
 [       nan]
 [0.01016767]
 [0.01064971]
 [       nan]
 [0.46570136]
 [0.41535897]
 [0.31113219]
 [0.23584914]
 [0.18202763]
 [0.10879852]
 [0.09129815]
 [0.08054642]
 [0.07798948]
 [0.06415685]
 [0.06394726]
 [0.04083   ]
 [0.03665925]
 [0.02433564]
 [0.01800616]
 [0.01660194]
 [0.01607797]
 [0.01557497]
 [0.01555401]
 [0.01463184]
 [0.01375158]
 [0.01360487]
 [0.01134135]
 [0.01121559]
 [0.01096409]
 [0.0108593 ]
 [0.01075451]
 [0.01052396]
 [0.01046109]
 [0.01044013]
 [0.01044013]
 [0.01039821]
 [0.01016767]
 [0.01012575]
 [0.01012575]
 [0.01002096]
 [0.01002096]
 [0.11950833]
 [       nan]
 [       nan]
 [0.0166229 ]
 [       nan]
 [0.01228448]
 [0.01098505]
 [0.01199106]
 [       nan]
 [0.01052396]
 [0.01018863]
 [0.01071259]
 [0.01012575]
 [0.01163477]
 [0.01718878]
 [       nan]
 [       nan]
 [0.01213777]
 [0.01783849]
 [       nan]
 [0.01159285]
 [0.01152997]
 [0.02825488]
 [0.01041917]
 [0.01134135]
 [0.0108593 ]
 [       nan]
 [0.01079642]
 [0.01016767]
 [0.01121559]
 [0.01482046]
 [       nan]
 [0.01163477]
 [       nan]
 [0.01029342]
 [0.05535426]
 [0.01121559]]